//Leadwerks Material File

blendmode=0
castshadows=0
zsort=1
cullbackfaces=1
depthtest=1
pickmode=1
depthmask=0
diffuse=1.00000000,1.00000000,1.00000000,1.00000000
specular=1.00000000,1.00000000,1.00000000,0.000000000
alwaysuseshader=0
roughness=0.50000000000000000
mappingscale=1.00000000,1.00000000,1.00000000
drawmode=-1

shader="Shaders/Particles/heathaze.shader"
texture0="./heathaze.tex"
