//Leadwerks Material File

blendmode=1
castshadows=1
zsort=1
cullbackfaces=1
depthtest=1
pickmode=1
depthmask=0
diffuse=0.250980407,0.250980407,0.250980407,1.00000000
specular=0.501960814,0.501960814,0.501960814,0.501960814
alwaysuseshader=0
roughness=0.50000000000000000
mappingscale=1.00000000,1.00000000,1.00000000
drawmode=-1

shader="Shaders/Particles/soft.shader"
texture0="./smoke_particle.tex"
